77.3278319579895,145.38350709383064,1551062623.361399,
199.96549137284322,107.86324615292257,1551062623.361399,
